TargetTable.ecsv
# %ECSV 1.0
# ---
# datatype:
# - {name: Latex Name, datatype: string}
# - {name: l, datatype: float64}
# - {name: b, datatype: float64}
# - {name: distance (pc), datatype: float64}
# - {name: N(HI), datatype: float64}
# - {name: N(HI) uncertainty, datatype: float64}
# - {name: N(HI) uncertainty adjusted, datatype: float64}
# - {name: nhi, datatype: float64}
# - {name: nhi uncertainty, datatype: float64}
# - {name: nhi uncertainty adjusted, datatype: float64}
# - {name: Instrument/Grating, datatype: string}
# - {name: N(HI) source numbers, datatype: int64}
# schema: astropy-2.0
"Latex Name" l b "distance (pc)" N(HI) "N(HI) uncertainty" "N(HI) uncertainty adjusted" nhi "nhi uncertainty" "nhi uncertainty adjusted" Instrument/Grating "N(HI) source numbers"
"Proxima Centauri" 313.94 -1.93 1.3 17.6 0.0 0.1 0.1 0.0 0.02 STIS/E140M 1
"$\alpha$ Cen B" 315.73 -0.68 1.35 17.6 0.007 0.1 0.1 0.002 0.02 GHRS/ECH-A 2
"$\alpha$ Cen A" 315.73 -0.68 1.35 17.65 0.01 0.1 0.11 0.003 0.02 GHRS/ECH-A 2
"Barnard's Star" 31.01 14.06 1.83 17.72 0.03 0.1 0.09 0.006 0.02 STIS/E140M 3
"Wolf 359" 244.05 56.12 2.41 18.2 0.0 0.1 0.21 0.0 0.05 STIS/E140M 4
"GJ 411" 185.12 65.43 2.55 17.84 0.03 0.1 0.09 0.006 0.02 STIS/E140M 3
Sirius 227.23 -8.89 2.64 17.82 0.09 0.3 0.08 0.02 0.06 GHRS/G140M 5
"GJ 729" 11.31 -10.28 2.98 17.72 0.03 0.1 0.06 0.004 0.01 STIS/E140M 6
"GJ 905" 109.99 -16.94 3.16 18.07 0.0 0.1 0.12 0.0 0.03 STIS/E140M 4
"$\epsilon$ Eri" 195.84 -48.05 3.22 17.88 0.07 0.1 0.08 0.01 0.02 GHRS/ECH-A 7
"GJ 887" 5.1 -65.96 3.29 18.1 0.01 0.1 0.12 0.003 0.03 STIS/E140M 8
"EZ Aqr" 47.07 -56.98 3.41 18.05 0.0 0.1 0.11 0.0 0.02 STIS/E140M 4
"61 Cyg A" 82.32 -5.82 3.5 18.13 0.03 0.1 0.12 0.009 0.03 GHRS/ECH-A 9
Procyon 213.7 13.02 3.51 18.06 0.01 0.3 0.11 0.002 0.07 GHRS/G160M 10
"GJ 15A" 116.68 -18.45 3.56 18.06 0.02 0.1 0.1 0.005 0.02 STIS/E140M 6
"$\epsilon$ Ind" 336.19 -48.04 3.64 18.0 0.1 0.1 0.09 0.02 0.02 GHRS/ECH-A 11
"$\tau$ Cet" 173.1 -73.44 3.65 18.01 0.002 0.1 0.09 0.0004 0.02 STIS/E140M 12
"GJ 273" 212.34 10.37 3.79 18.12 0.02 0.1 0.11 0.005 0.03 STIS/E140M 8
"GJ 191" 250.53 -36.0 3.93 17.98 0.34 0.34 0.08 0.06 0.06 STIS/E140M 3
"GJ 860A" 104.69 -0.0 4.01 17.78 0.02 0.1 0.05 0.002 0.01 STIS/E140M 8
"GJ 674" 343.0 -6.78 4.55 17.96 0.01 0.3 0.06 0.001 0.04 STIS/G140M 6
"GJ 876" 52.0 -59.63 4.67 18.03 0.04 0.3 0.07 0.007 0.05 STIS/G140M 13
"GJ 412 A" 168.5 63.07 4.9 17.9 0.0 0.1 0.05 0.0 0.01 STIS/E140M 4
"GJ 412 B" 168.51 63.08 4.91 17.86 0.0 0.1 0.05 0.0 0.01 STIS/E140M 4
"AD Leo" 216.46 54.58 4.97 18.48 0.001 0.1 0.19 0.0004 0.04 STIS/E140M 12
"GJ 832" 349.17 -46.35 4.97 18.2 0.03 0.3 0.1 0.007 0.07 STIS/G140M 13
"40 Eri" 200.75 -38.05 5.01 17.85 0.1 0.1 0.05 0.01 0.01 GHRS/ECH-A 9
"40 Eri C" 200.77 -38.03 5.01 17.79 0.0 0.1 0.04 0.0 0.009 STIS/E140M 4
"EV Lac" 100.61 -13.07 5.05 17.97 0.007 0.1 0.06 0.001 0.01 STIS/E140M 12
"70 Oph A" 29.89 11.37 5.11 18.06 0.002 0.1 0.07 0.0003 0.02 STIS/E140M 12
"$\alpha$ Aql" 47.74 -8.91 5.13 18.3 0.36 0.36 0.12 0.1 0.1 GHRS/G140M 14
"GJ 3323" 206.43 -27.47 5.37 17.72 0.02 0.1 0.03 0.001 0.007 STIS/E140M 15
"LSR J1835+3259" 61.65 17.44 5.69 18.0 0.0 0.3 0.06 0.0 0.04 STIS/G140M 16
"GJ 205" 206.93 -19.45 5.7 17.76 0.02 0.1 0.03 0.002 0.008 STIS/E140M 8
"GJ 754" 352.36 -23.9 5.91 18.27 0.008 0.1 0.1 0.002 0.02 STIS/E140M 17
"GJ 588" 332.67 12.13 5.92 18.12 0.01 0.1 0.07 0.002 0.02 STIS/E140M 8
"36 Oph A" 358.28 6.88 5.95 17.85 0.15 0.15 0.04 0.01 0.01 STIS/E140H 18
"YZ CMi" 215.86 13.46 5.99 18.02 0.02 0.1 0.06 0.003 0.01 STIS/E140M 8
"HD 191408" 5.23 -30.92 6.01 18.28 0.02 0.1 0.1 0.005 0.02 STIS/E140M 3
"82 Eri" 250.75 -56.08 6.04 18.33 0.03 0.1 0.11 0.008 0.03 STIS/E140M 3
"GJ 780" 329.77 -32.42 6.1 18.01 0.003 0.1 0.05 0.0004 0.01 STIS/E140H 17
"GJ 644B" 11.04 21.14 6.2 18.4 0.01 0.1 0.13 0.003 0.03 STIS/E140H 8
"GJ 581" 354.08 40.02 6.3 18.01 0.14 0.3 0.05 0.02 0.04 STIS/G140M 13
GJ338AB 164.94 42.67 6.33 17.97 0.01 0.1 0.05 0.001 0.01 STIS/E140M 8
"$\xi$ Boo A" 23.09 61.36 6.75 17.92 0.007 0.1 0.04 0.0006 0.009 STIS/E140M 12
"LTT 1445A" 200.49 -58.07 6.86 17.8 0.1 0.3 0.03 0.007 0.02 STIS/G140M 19
"GJ 667C" 351.84 1.41 7.24 17.98 0.15 0.3 0.04 0.01 0.03 STIS/G140M 13
"GJ 486" 300.05 72.6 8.08 17.8 0.1 0.3 0.03 0.006 0.02 STIS/G140M 19
"GJ 686" 42.24 24.3 8.16 18.28 0.02 0.1 0.08 0.003 0.02 STIS/E140M 17
"61 Vir" 311.86 44.09 8.53 17.91 0.04 0.1 0.03 0.003 0.007 STIS/E140M 12
"$\chi^1$ Ori" 188.46 -2.73 8.66 17.93 0.003 0.1 0.03 0.0002 0.007 STIS/E140M 12
"HD 192310" 15.62 -29.4 8.81 18.24 0.02 0.1 0.06 0.003 0.01 STIS/E140M 20
"GJ 849" 55.89 -45.4 8.81 17.83 0.07 0.3 0.02 0.004 0.02 STIS/G140M 6
"HD 32147" 205.09 -27.18 8.84 17.84 0.14 0.14 0.03 0.008 0.008 STIS/E140M 15
"delta Eri" 198.09 -46.0 9.09 17.88 0.007 0.1 0.03 0.0004 0.006 STIS/E140M 12
"$\kappa^1$ Cet" 178.22 -43.07 9.28 17.89 0.003 0.1 0.03 0.0002 0.006 STIS/E140M 12
"GJ 367" 272.24 5.66 9.42 17.78 0.09 0.3 0.02 0.004 0.01 STIS/G140M 21
"L 678-39" 253.88 22.08 9.44 18.66 0.17 0.3 0.16 0.06 0.11 STIS/G140M 22
"GJ 176" 180.02 -17.43 9.49 17.46 0.09 0.3 0.01 0.002 0.007 STIS/G140M 13
"AU Mic" 12.65 -36.8 9.71 18.36 0.002 0.1 0.08 0.0003 0.02 STIS/E140M 12
"GJ 436" 210.54 74.57 9.78 18.04 0.06 0.3 0.04 0.005 0.03 STIS/G140M 13
"GJ 678.1 A" 28.57 20.54 10.12 18.58 0.0003 0.1 0.12 7e-05 0.03 STIS/E140M 17
"$\beta$ Gem" 192.23 23.41 10.36 18.26 0.03 0.1 0.06 0.004 0.01 GHRS/ECH-A 7
"EP Eri" 192.07 -58.25 10.36 18.05 0.1 0.3 0.04 0.008 0.02 GHRS/G160M 23
"GJ 649" 46.52 35.34 10.39 18.19 0.02 0.3 0.05 0.002 0.03 STIS/G140M 6
"GJ 341" 279.59 -7.3 10.45 18.37 0.06 0.3 0.07 0.01 0.05 STIS/G140M 21
"GJ 173" 207.62 -34.65 11.21 17.86 0.02 0.1 0.02 0.001 0.005 STIS/E140M 15
"HD 85512" 271.68 8.16 11.28 18.43 0.12 0.12 0.08 0.02 0.02 STIS/E140M 13
"L 802-6" 193.58 -57.14 11.5 18.39 0.33 0.33 0.07 0.05 0.05 STIS/G140M 24
"$\zeta$ Dor" 266.03 -36.72 11.69 18.29 0.002 0.1 0.05 0.0002 0.01 STIS/E140M 12
"LHS 2686" 114.08 69.05 12.19 17.34 0.13 0.3 0.006 0.002 0.004 STIS/G140M 6
"HR 1925" 158.38 11.95 12.27 18.26 0.005 0.1 0.05 0.0005 0.01 STIS/E140M 12
TRAPPIST-1 69.71 -56.64 12.47 18.4 0.1 0.3 0.07 0.02 0.05 STIS/G140M 25
"GJ 1132" 277.26 7.76 12.61 17.49 0.62 0.62 0.008 0.01 0.01 STIS/G140M 6
"HD 40307" 268.81 -30.34 12.93 18.6 0.08 0.1 0.1 0.02 0.02 STIS/E140M 13
Capella 162.59 4.57 13.12 18.24 0.006 0.1 0.04 0.0006 0.01 GHRS/ECH-A 10
"HD 9826" 132.0 -20.67 13.48 18.07 0.13 0.13 0.03 0.008 0.008 STIS/E140M 20
"HR 8" 111.26 -32.83 13.77 18.29 0.006 0.1 0.05 0.0006 0.01 STIS/E140M 12
"$\pi^1$ UMa" 150.55 35.7 14.44 18.12 0.01 0.1 0.03 0.0007 0.007 STIS/E140M 26
"HD 35296" 187.2 -10.28 14.58 17.85 0.02 0.1 0.02 0.0007 0.004 STIS/E140M 27
"GJ 1214" 26.16 23.61 14.64 18.06 0.66 0.66 0.03 0.04 0.04 STIS/G140M 13
"GJ 163" 262.78 -45.32 15.14 18.48 0.06 0.3 0.06 0.009 0.04 STIS/G140M 6
"$\chi$ Her" 67.7 50.32 15.9 18.25 0.003 0.1 0.04 0.0002 0.008 STIS/E140M 12
GJ676A 339.1 -9.54 15.98 18.24 0.02 0.3 0.04 0.002 0.02 STIS/G140M 6
"HR 2225" 230.85 -18.52 16.7 17.87 0.01 0.1 0.01 0.0003 0.003 STIS/E140M 12
"$\beta$ Cas" 117.53 -3.28 16.78 18.13 0.05 0.1 0.03 0.003 0.006 GHRS/ECH-A 7
"HR 6748" 356.04 -7.33 17.11 18.13 0.02 0.1 0.03 0.001 0.006 STIS/E140M 12
"$\iota$ Hor" 268.81 -58.32 17.36 18.81 0.05 0.1 0.12 0.01 0.03 STIS/E140M 28
"DX Leo" 201.21 46.06 18.07 17.7 0.15 0.3 0.009 0.003 0.006 GHRS/G160M 23
"HD 206860" 69.86 -28.27 18.13 18.35 0.12 0.12 0.04 0.01 0.01 STIS/E140M 20
"LQ Hya" 244.59 28.4 18.27 19.05 0.15 0.3 0.2 0.07 0.14 GHRS/G160M 23
"$\pi$ Men" 292.51 -29.78 18.29 18.51 0.02 0.3 0.06 0.003 0.04 STIS/G140M 29
"V368 Cep" 118.46 16.94 18.95 17.95 0.1 0.3 0.02 0.004 0.01 GHRS/G160M 23
"$\alpha$ Tri" 138.64 -31.41 19.48 18.33 0.07 0.1 0.04 0.006 0.008 GHRS/ECH-A 7
"HD 189733" 60.96 -3.92 19.78 18.48 0.08 0.3 0.05 0.009 0.03 STIS/G140M 30
TOI-260 97.45 -71.22 20.21 17.8 0.14 0.3 0.01 0.003 0.007 STIS/G140M 21
"$\alpha$ Tau" 180.97 -20.25 20.43 18.29 0.0 0.1 0.03 0.0 0.007 STIS/E140M 31
"HD 203244" 324.9 -38.91 20.81 18.82 0.01 0.1 0.1 0.002 0.02 STIS/E140M 12
"HIP 112312" 12.51 -62.11 20.87 18.28 0.02 0.1 0.03 0.001 0.007 STIS/E140M 32
"HD 97658" 211.16 68.3 21.56 18.45 0.12 0.12 0.04 0.01 0.01 STIS/E140M 13
"HD 116956" 113.7 59.54 21.65 18.19 0.009 0.1 0.02 0.0005 0.005 STIS/E140M 12
"HD 59967" 250.45 -8.97 21.75 18.54 0.008 0.1 0.05 0.0009 0.01 STIS/E140M 12
"HD 106516" 288.5 51.54 22.35 18.57 0.02 0.1 0.05 0.002 0.01 STIS/E140M 12
"HD 97334" 184.33 67.28 22.7 17.82 0.01 0.1 0.009 0.0002 0.002 STIS/E140M 12
"HD 128987" 337.54 39.22 23.73 18.11 0.02 0.1 0.02 0.0008 0.004 STIS/E140M 12
"$\alpha$ Leo" 226.43 48.93 24.31 18.28 0.17 0.17 0.03 0.01 0.01 STIS/E140H 33
"HD 73350" 232.08 19.98 24.35 18.16 0.009 0.1 0.02 0.0004 0.004 STIS/E140M 12
"Ross 451" 133.18 48.43 24.74 18.41 0.38 0.38 0.03 0.03 0.03 STIS/G140M 24
TOI-134 321.95 -53.56 25.18 18.71 0.08 0.3 0.07 0.01 0.05 STIS/G140M 21
"$\lambda$ And" 109.9 -14.54 25.92 18.45 0.15 0.15 0.04 0.01 0.01 GHRS/ECH-A 11
"Ross 1044" 2.21 50.8 26.71 18.86 0.09 0.3 0.09 0.02 0.06 STIS/G140M 34
"HIP 117795" 115.71 -2.11 26.73 18.13 0.48 0.48 0.02 0.02 0.02 STIS/G140M 24
TOI-776 290.57 23.94 27.15 18.65 0.06 0.3 0.05 0.007 0.04 STIS/G140M 21
"HD 64090" 190.16 25.93 27.35 18.46 0.16 0.3 0.03 0.01 0.02 STIS/G140M 24
TOI-1231 281.83 4.38 27.48 18.75 0.15 0.3 0.07 0.02 0.05 STIS/G140M 35
"PW And" 114.62 -31.38 28.27 18.35 0.1 0.3 0.03 0.006 0.02 GHRS/G160M 23
"EG UMa" 135.26 63.75 28.61 17.5 0.3 0.3 0.004 0.002 0.002 STIS/G140M 36
"HD 134440" 344.67 34.93 29.39 18.51 0.36 0.36 0.04 0.03 0.03 STIS/G140M 24
"HD 134439" 344.74 34.99 29.4 18.83 0.11 0.3 0.07 0.02 0.05 STIS/G140M 24
"GJ 3470" 206.24 21.76 29.4 18.07 0.09 0.3 0.01 0.003 0.009 STIS/G140M 37
"HR 1099" 184.91 -41.57 29.43 18.13 0.04 0.1 0.01 0.001 0.003 STIS/E140M 38
"$\beta$ Cet" 111.33 -80.68 29.53 18.36 0.1 0.1 0.03 0.006 0.006 GHRS/ECH-A 38
"GJ 9827" 81.34 -57.18 29.65 18.22 0.09 0.3 0.02 0.004 0.01 STIS/G140M 39
"HD 184499" 67.03 6.54 31.83 18.85 0.08 0.1 0.07 0.01 0.02 STIS/E140M 35
"$\eta$ UMa" 100.7 65.32 31.87 17.92 0.04 0.1 0.009 0.0008 0.002 GHRS/ECH-A 14
"DK UMa" 142.55 38.93 32.1 18.05 0.002 0.1 0.01 5e-05 0.003 STIS/E140M 12
"EK Dra" 105.52 49.04 34.4 18.0 0.04 0.1 0.009 0.0009 0.002 STIS/E140M 40
"$\mu$ Vel" 283.03 8.57 35.92 18.47 0.001 0.1 0.03 6e-05 0.006 STIS/E140M 12
"Kepler 444" 73.36 12.89 36.55 18.65 0.25 0.3 0.04 0.02 0.03 STIS/G140M 41
"$\sigma$ Gem" 191.19 23.27 36.87 18.2 0.07 0.1 0.01 0.002 0.003 GHRS/ECH-A 7
HAT-P-11 81.83 10.77 37.84 18.65 0.0 0.3 0.04 0.0 0.03 STIS/G140M 42
K2-18 254.63 62.58 38.1 18.16 0.39 0.39 0.01 0.01 0.01 STIS/G140M 43
"HD 19445" 157.48 -27.2 38.65 17.71 0.16 0.3 0.004 0.002 0.003 STIS/G140M 35
"DS Tuc A" 312.1 -46.63 44.18 18.8 0.04 0.3 0.05 0.004 0.03 STIS/G140M 44
"HD 28568" 180.46 -21.44 44.54 18.12 0.02 0.1 0.01 0.0004 0.002 STIS/E140M 12
K2-25 178.26 -25.29 44.73 18.14 0.08 0.3 0.01 0.002 0.007 STIS/G140M 45
"V993 Tau" 180.41 -22.39 46.98 18.11 0.008 0.1 0.009 0.0002 0.002 STIS/E140M 12
"HD 3167" 115.11 -58.24 47.31 18.38 0.16 0.3 0.02 0.006 0.01 STIS/G140M 46
"HD 28033" 175.37 -18.86 47.57 18.15 0.02 0.1 0.01 0.0004 0.002 STIS/E140M 12
"V471 Tau" 172.48 -27.94 47.59 18.21 0.007 0.1 0.01 0.0002 0.003 STIS/E140M 12
"HD 209458" 76.75 -28.53 48.15 18.37 0.02 0.1 0.02 0.0007 0.004 STIS/E140M 12
"Speedy Mic" 6.25 -38.25 51.02 18.3 0.15 0.3 0.01 0.004 0.009 GHRS/G160M 23
G191-B2B 155.95 7.1 52.49 18.18 0.2 0.2 0.009 0.004 0.004 STIS/E140H 47
"$\upsilon$ Peg" 98.56 -35.36 53.46 18.24 0.001 0.1 0.01 2e-05 0.002 STIS/E140M 12
"HD 32008" 209.55 -29.41 54.05 18.07 0.04 0.1 0.007 0.0006 0.002 STIS/E140M 12
"HD 194598" 52.82 -16.13 54.23 17.96 0.33 0.33 0.005 0.004 0.004 STIS/G140M 35
"$\alpha$ Tuc" 330.22 -47.96 56.39 18.79 0.0 0.1 0.04 0.0 0.008 STIS/E140M 31
"$\sigma$ Pup" 255.74 -11.91 58.74 18.87 0.0 0.1 0.04 0.0 0.009 STIS/E140M 31
K2-136 174.77 -17.35 58.89 18.26 0.4 0.4 0.01 0.009 0.009 STIS/G140M 46
"HZ 43" 54.11 84.16 59.68 17.93 0.06 0.1 0.005 0.0006 0.001 GHRS/ECH-A 48
"$\iota$ Cap" 33.63 -40.77 61.71 18.7 0.001 0.1 0.03 6e-05 0.006 STIS/E140M 12
"HIP 116454" 86.46 -56.97 62.62 17.92 0.09 0.3 0.004 0.0009 0.003 STIS/G140M 46
TOI-178 357.3 -84.1 62.89 18.6 0.29 0.3 0.02 0.01 0.01 STIS/G140M 21
WASP-107 295.69 52.47 64.4 17.54 0.64 0.64 0.002 0.003 0.003 STIS/G140M 46
"GD 153" 317.26 84.75 68.53 17.95 0.03 0.1 0.004 0.0003 0.001 STIS/E140H 14
"GD 246" 87.26 -45.11 75.17 19.11 0.05 0.1 0.06 0.006 0.01 STIS/E140M 49
"HD 149026" 61.3 43.28 76.22 18.69 0.2 0.3 0.02 0.01 0.01 STIS/G140M 22
"Feige 24" 165.97 -50.27 77.71 18.47 0.03 0.1 0.01 0.0008 0.003 STIS/E140M 50
"HR 3145" 219.07 16.8 79.85 18.56 0.0 0.1 0.01 0.0 0.003 STIS/E140M 31
"$\theta$ CMa" 223.98 -4.86 82.87 17.97 0.0 0.1 0.004 0.0 0.0008 STIS/E140M 31
"31 Com" 114.95 89.58 84.41 17.88 0.06 0.1 0.003 0.0004 0.0007 GHRS/ECH-A 7
WASP-29 343.32 -72.18 87.45 18.55 0.04 0.3 0.01 0.001 0.009 STIS/G140M 51
"HR 3980" 228.95 47.89 90.74 19.53 0.0 0.1 0.12 0.0 0.03 STIS/E140M 31
"Ross 825" 79.01 -9.98 98.26 18.8 0.15 0.3 0.02 0.007 0.01 STIS/G140M 34
